'name' 	 'time' 	 --undefined-- 	 --undefined-- 	 --undefined-- 	 --undefined-- 
0.005 	 --undefined-- 	 --undefined-- 	 --undefined-- 	 --undefined-- 
0.010 	 --undefined-- 	 --undefined-- 	 --undefined-- 	 --undefined-- 
0.015 	 --undefined-- 	 --undefined-- 	 --undefined-- 	 --undefined-- 
0.020 	 --undefined-- 	 --undefined-- 	 --undefined-- 	 --undefined-- 
0.025 	 258.4 	 1382.0 	 5187.9 	 --undefined-- 
0.030 	 258.6 	 1381.8 	 5187.8 	 --undefined-- 
0.035 	 258.9 	 1381.4 	 5187.7 	 --undefined-- 
0.040 	 259.0 	 1380.9 	 5187.6 	 --undefined-- 
0.045 	 259.1 	 1380.2 	 5187.4 	 --undefined-- 
0.050 	 276.4 	 1071.7 	 3316.0 	 5196.3 
0.055 	 463.9 	 1614.1 	 2839.8 	 4112.4 
0.060 	 797.6 	 1814.0 	 2920.0 	 4093.5 
0.065 	 897.7 	 1747.5 	 2944.2 	 4240.9 
0.070 	 953.7 	 1752.8 	 2951.7 	 4271.3 
0.075 	 970.1 	 1749.7 	 2944.4 	 4273.0 
0.080 	 963.6 	 1711.3 	 2949.5 	 4257.3 
0.085 	 952.2 	 1673.5 	 2962.9 	 4251.2 
0.090 	 949.6 	 1681.9 	 2963.1 	 4268.1 
0.095 	 952.1 	 1714.8 	 2951.1 	 4279.8 
0.100 	 947.0 	 1745.1 	 2937.9 	 4264.0 
0.105 	 930.1 	 1770.0 	 2935.7 	 4254.0 
0.110 	 905.6 	 1799.4 	 2953.7 	 4263.3 
0.115 	 881.9 	 1836.9 	 2989.6 	 4289.3 
0.120 	 859.0 	 1874.1 	 3043.5 	 4295.9 
0.125 	 838.6 	 1901.2 	 3104.3 	 4314.7 
0.130 	 813.8 	 1911.0 	 3172.9 	 4349.7 
0.135 	 778.0 	 1904.6 	 3208.1 	 4413.2 
0.140 	 735.7 	 1921.0 	 3225.6 	 4495.4 
0.145 	 688.0 	 1925.6 	 3245.0 	 4567.1 
0.150 	 644.2 	 1921.4 	 3245.6 	 4570.4 
0.155 	 597.4 	 1921.3 	 3247.3 	 4551.3 
0.160 	 547.5 	 1910.7 	 3251.1 	 4528.7 
0.165 	 618.6 	 1887.7 	 3230.0 	 4517.3 
0.170 	 657.0 	 1875.3 	 3228.7 	 4608.2 
0.175 	 663.4 	 1908.3 	 3307.2 	 4719.8 
0.180 	 645.4 	 1893.4 	 3299.5 	 4556.6 
0.185 	 593.3 	 1778.0 	 3213.0 	 4397.1 
0.190 	 445.5 	 1591.4 	 3147.0 	 4338.7 
0.195 	 271.1 	 1206.8 	 2399.0 	 3724.2 
0.200 	 238.3 	 1288.3 	 1982.9 	 3404.0 
0.205 	 259.4 	 1968.5 	 2952.0 	 4407.7 
0.210 	 315.6 	 2131.7 	 3259.0 	 4671.3 
0.215 	 348.1 	 2047.6 	 3312.8 	 4475.2 
0.220 	 408.4 	 1957.8 	 3327.5 	 4538.9 
0.225 	 472.3 	 1938.4 	 3270.7 	 4551.8 
0.230 	 531.2 	 1960.8 	 3200.6 	 4537.5 
0.235 	 581.2 	 1980.9 	 3204.8 	 4559.5 
0.240 	 616.8 	 1771.6 	 2231.4 	 3490.4 
0.245 	 647.1 	 1838.9 	 1983.2 	 3211.0 
0.250 	 677.8 	 1873.1 	 1969.4 	 3211.7 
0.255 	 709.1 	 1331.8 	 1953.0 	 3217.6 
0.260 	 732.8 	 1234.0 	 1940.9 	 3220.0 
0.265 	 753.0 	 1792.1 	 2183.4 	 3218.7 
0.270 	 779.3 	 1914.3 	 2547.9 	 3214.4 
0.275 	 809.0 	 1894.4 	 2616.3 	 3226.3 
0.280 	 836.9 	 1883.3 	 2560.0 	 3221.6 
0.285 	 860.1 	 1874.9 	 3019.8 	 3502.5 
0.290 	 880.5 	 1866.7 	 3051.2 	 4225.3 
0.295 	 896.4 	 1858.2 	 3013.7 	 4358.9 
0.300 	 903.1 	 1845.6 	 3007.4 	 4390.6 
0.305 	 904.9 	 1828.4 	 3005.7 	 4436.7 
0.310 	 910.1 	 1811.3 	 2985.5 	 4399.8 
0.315 	 917.5 	 1800.3 	 2970.0 	 4379.3 
0.320 	 924.4 	 1794.5 	 2964.2 	 4388.9 
0.325 	 932.5 	 1786.6 	 2959.1 	 4378.2 
0.330 	 937.5 	 1776.3 	 2974.1 	 4419.2 
0.335 	 938.1 	 1775.9 	 3001.1 	 4523.2 
0.340 	 937.6 	 1777.9 	 3013.2 	 4537.1 
0.345 	 941.8 	 1771.3 	 3009.0 	 4485.4 
0.350 	 952.5 	 1762.7 	 2992.0 	 4446.9 
0.355 	 963.6 	 1755.5 	 2987.3 	 4386.1 
0.360 	 971.8 	 1749.0 	 2988.9 	 4401.3 
0.365 	 974.9 	 1740.0 	 2985.0 	 4404.6 
0.370 	 978.7 	 1730.0 	 2990.4 	 4372.5 
0.375 	 985.1 	 1723.6 	 2997.0 	 4362.5 
0.380 	 991.0 	 1711.4 	 3008.3 	 4389.6 
0.385 	 988.8 	 1670.4 	 3020.7 	 4388.9 
0.390 	 983.0 	 1639.7 	 3025.2 	 4352.1 
0.395 	 977.8 	 1629.7 	 3048.0 	 4336.6 
0.400 	 967.8 	 1617.1 	 3072.1 	 4336.9 
0.405 	 966.0 	 1618.6 	 3077.5 	 4339.5 
0.410 	 966.5 	 1587.1 	 3061.1 	 4351.1 
0.415 	 965.2 	 1567.6 	 3052.1 	 4375.2 
0.420 	 958.2 	 1543.3 	 3044.0 	 4380.8 
0.425 	 943.1 	 1474.9 	 3035.2 	 4365.3 
0.430 	 935.6 	 1482.2 	 3038.4 	 4354.5 
0.435 	 937.9 	 1529.5 	 3056.0 	 4350.5 
0.440 	 949.7 	 1576.3 	 3053.5 	 4360.0 
0.445 	 953.7 	 1558.0 	 3036.6 	 4352.8 
0.450 	 948.0 	 1531.9 	 3042.6 	 4326.1 
0.455 	 940.6 	 1544.4 	 3051.9 	 4338.0 
0.460 	 937.4 	 1559.6 	 3046.0 	 4410.0 
0.465 	 951.0 	 1632.9 	 3028.5 	 4435.6 
0.470 	 968.3 	 1701.8 	 2992.4 	 4503.6 
0.475 	 939.9 	 1698.7 	 3041.5 	 4523.6 
0.480 	 927.9 	 1695.6 	 3062.6 	 4412.2 
0.485 	 900.1 	 1707.2 	 3045.6 	 4380.9 
0.490 	 937.2 	 1695.3 	 3018.0 	 4399.5 
0.495 	 1003.5 	 1738.5 	 3007.9 	 4356.4 
0.500 	 1012.5 	 1803.0 	 3000.3 	 4321.1 
0.505 	 1027.5 	 1830.2 	 3032.7 	 4345.0 
0.510 	 1040.3 	 1774.8 	 3053.8 	 4358.8 
0.515 	 1083.9 	 1722.3 	 3050.2 	 4331.6 
0.520 	 1116.7 	 1718.9 	 3038.1 	 4308.8 
0.525 	 1113.5 	 1740.5 	 3043.7 	 4265.3 
0.530 	 1053.6 	 1710.7 	 3040.3 	 4211.8 
0.535 	 984.4 	 1628.1 	 2981.0 	 4164.8 
0.540 	 984.9 	 1618.8 	 2941.7 	 4126.7 
0.545 	 971.1 	 1642.9 	 2947.4 	 4135.7 
0.550 	 1042.7 	 1674.0 	 2942.3 	 4139.6 
0.555 	 960.8 	 1640.7 	 2965.5 	 4118.6 
0.560 	 866.5 	 1587.5 	 2982.1 	 4130.6 
0.565 	 825.5 	 1611.8 	 2998.5 	 4110.2 
0.570 	 787.1 	 1630.2 	 3042.4 	 4091.2 
0.575 	 791.8 	 1622.1 	 3069.8 	 4092.9 
0.580 	 816.6 	 1617.6 	 3080.0 	 4098.6 
0.585 	 829.1 	 1615.0 	 3130.5 	 3851.2 
0.590 	 836.0 	 1630.7 	 3191.2 	 3392.5 
0.595 	 934.4 	 1796.8 	 3239.5 	 --undefined-- 
0.600 	 1418.3 	 2879.7 	 4808.5 	 --undefined-- 
0.605 	 518.1 	 1733.1 	 5190.1 	 --undefined-- 
0.610 	 264.1 	 1381.4 	 5188.0 	 --undefined-- 
0.615 	 263.9 	 1381.5 	 5188.0 	 --undefined-- 
0.620 	 263.6 	 1381.6 	 5188.0 	 --undefined-- 
0.625 	 263.3 	 1381.8 	 5188.0 	 --undefined-- 
0.630 	 --undefined-- 	 --undefined-- 	 --undefined-- 	 --undefined-- 
0.635 	 --undefined-- 	 --undefined-- 	 --undefined-- 	 --undefined-- 
0.640 	 --undefined-- 	 --undefined-- 	 --undefined-- 	 --undefined-- 
0.645 	 --undefined-- 	 --undefined-- 	 --undefined-- 	 --undefined-- 
0.650 	 --undefined-- 	 --undefined-- 	 --undefined-- 	 --undefined-- 
