'name' 	 'time' 	 'f1' 	 'f2' 	 'f3' 	 'f4' 
0.005 	 --undefined-- 	 --undefined-- 	 --undefined-- 	 --undefined-- 
0.010 	 --undefined-- 	 --undefined-- 	 --undefined-- 	 --undefined-- 
0.015 	 --undefined-- 	 --undefined-- 	 --undefined-- 	 --undefined-- 
0.020 	 --undefined-- 	 --undefined-- 	 --undefined-- 	 --undefined-- 
0.025 	 259.0 	 1382.1 	 5187.9 	 --undefined-- 
0.030 	 259.2 	 1382.0 	 5188.0 	 --undefined-- 
0.035 	 259.5 	 1381.8 	 5188.0 	 --undefined-- 
0.040 	 259.6 	 1381.7 	 5188.1 	 --undefined-- 
0.045 	 259.7 	 1381.5 	 5188.1 	 --undefined-- 
0.050 	 923.5 	 3098.8 	 5196.9 	 --undefined-- 
0.055 	 1066.9 	 2031.2 	 3453.7 	 --undefined-- 
0.060 	 832.9 	 1470.4 	 2709.0 	 2966.9 
0.065 	 956.6 	 1563.4 	 2759.3 	 3735.5 
0.070 	 1003.7 	 1605.9 	 2796.5 	 3927.4 
0.075 	 993.5 	 1598.9 	 2827.8 	 4045.4 
0.080 	 988.9 	 1594.6 	 2863.8 	 4102.1 
0.085 	 1000.1 	 1606.6 	 2885.8 	 4127.4 
0.090 	 1022.1 	 1630.1 	 2893.2 	 4176.5 
0.095 	 1032.0 	 1638.3 	 2897.8 	 4216.1 
0.100 	 1028.0 	 1630.7 	 2902.7 	 4229.9 
0.105 	 1010.3 	 1614.1 	 2906.0 	 4245.2 
0.110 	 994.5 	 1609.5 	 2907.1 	 4250.3 
0.115 	 978.1 	 1611.7 	 2908.0 	 4250.0 
0.120 	 950.9 	 1611.1 	 2912.5 	 3807.2 
0.125 	 919.8 	 1609.3 	 2849.7 	 3075.4 
0.130 	 891.9 	 1604.3 	 2669.7 	 2929.3 
0.135 	 864.2 	 1595.0 	 2635.5 	 2938.2 
0.140 	 837.9 	 1587.2 	 2696.2 	 2948.0 
0.145 	 808.4 	 1581.5 	 2927.5 	 3993.3 
0.150 	 762.1 	 1549.9 	 1999.5 	 3269.3 
0.155 	 690.6 	 1367.3 	 1555.5 	 3029.6 
0.160 	 725.2 	 1527.3 	 2762.8 	 3998.9 
0.165 	 592.5 	 1575.0 	 3129.4 	 4295.5 
0.170 	 636.3 	 1512.8 	 3034.1 	 4357.0 
0.175 	 737.8 	 1482.5 	 2967.2 	 4354.4 
0.180 	 760.1 	 1498.1 	 2941.6 	 4314.7 
0.185 	 778.9 	 1525.4 	 2924.0 	 4323.3 
0.190 	 768.3 	 1556.9 	 2925.0 	 4364.8 
0.195 	 686.5 	 1557.7 	 2914.8 	 4350.9 
0.200 	 685.0 	 1525.5 	 2881.6 	 4301.7 
0.205 	 707.4 	 1526.2 	 2882.2 	 4448.2 
0.210 	 618.1 	 1615.4 	 2954.8 	 4766.1 
0.215 	 356.8 	 1474.1 	 2917.4 	 3369.6 
0.220 	 506.1 	 1469.4 	 2903.7 	 4048.3 
0.225 	 625.8 	 1501.6 	 2898.8 	 4278.7 
0.230 	 686.4 	 1524.0 	 2907.2 	 4265.4 
0.235 	 728.3 	 1534.5 	 2927.6 	 4240.3 
0.240 	 762.2 	 1541.4 	 2951.5 	 4237.1 
0.245 	 787.9 	 1540.7 	 2976.8 	 4272.6 
0.250 	 808.9 	 1537.6 	 3004.9 	 4299.9 
0.255 	 829.4 	 1532.3 	 3020.3 	 4303.1 
0.260 	 851.8 	 1521.6 	 3014.2 	 4282.4 
0.265 	 877.8 	 1519.7 	 3007.0 	 4281.9 
0.270 	 897.9 	 1523.5 	 3011.0 	 4328.0 
0.275 	 912.6 	 1533.0 	 3016.7 	 4338.2 
0.280 	 923.5 	 1538.3 	 3025.1 	 4298.4 
0.285 	 934.9 	 1542.0 	 3034.5 	 4286.3 
0.290 	 943.0 	 1549.4 	 3028.6 	 4290.5 
0.295 	 944.9 	 1555.4 	 3033.6 	 4287.3 
0.300 	 946.7 	 1556.6 	 3040.9 	 4288.2 
0.305 	 950.1 	 1558.4 	 3032.2 	 4321.6 
0.310 	 951.7 	 1558.2 	 3049.2 	 4362.7 
0.315 	 955.0 	 1563.8 	 3088.4 	 4377.7 
0.320 	 953.4 	 1571.0 	 3099.1 	 4376.9 
0.325 	 403.3 	 1076.1 	 1866.1 	 3348.2 
0.330 	 816.2 	 1425.9 	 2769.7 	 4108.9 
0.335 	 952.3 	 1274.3 	 1848.7 	 3309.3 
0.340 	 963.1 	 1484.3 	 2730.2 	 4117.1 
0.345 	 971.1 	 1548.4 	 3016.6 	 4358.1 
0.350 	 971.7 	 1542.3 	 3002.5 	 4356.1 
0.355 	 969.8 	 1543.8 	 3004.9 	 4441.0 
0.360 	 968.3 	 1291.0 	 1832.0 	 3312.2 
0.365 	 974.6 	 1232.6 	 1539.0 	 3006.1 
0.370 	 982.2 	 1273.7 	 1537.6 	 2996.4 
0.375 	 986.4 	 1461.8 	 1512.7 	 3012.6 
0.380 	 987.0 	 1476.5 	 1772.8 	 3044.0 
0.385 	 980.7 	 1448.3 	 2063.3 	 3053.5 
0.390 	 971.3 	 1441.2 	 2829.7 	 4123.7 
0.395 	 963.2 	 1445.8 	 2990.9 	 4377.9 
0.400 	 965.1 	 1460.7 	 3003.9 	 4368.1 
0.405 	 974.0 	 1472.1 	 3031.3 	 4376.6 
0.410 	 988.7 	 1482.9 	 3031.6 	 4381.9 
0.415 	 991.1 	 1490.2 	 3025.4 	 4383.4 
0.420 	 984.1 	 1491.2 	 3023.3 	 4392.4 
0.425 	 982.2 	 1490.7 	 3013.1 	 4403.9 
0.430 	 979.9 	 1481.8 	 3001.6 	 4363.8 
0.435 	 975.5 	 1473.3 	 2996.6 	 4347.8 
0.440 	 967.9 	 1464.8 	 2996.6 	 4389.1 
0.445 	 957.1 	 1458.6 	 3019.2 	 4425.5 
0.450 	 960.4 	 1475.2 	 3033.9 	 4436.6 
0.455 	 979.3 	 1498.2 	 3018.8 	 4438.4 
0.460 	 991.5 	 1497.6 	 2995.5 	 4418.1 
0.465 	 981.4 	 1477.9 	 3024.0 	 4391.0 
0.470 	 978.1 	 1449.5 	 3111.8 	 4359.4 
0.475 	 986.9 	 1487.4 	 3096.7 	 4339.1 
0.480 	 1047.2 	 1585.7 	 3013.5 	 4315.4 
0.485 	 1073.0 	 1617.4 	 2970.8 	 4285.0 
0.490 	 1052.5 	 1617.9 	 2974.6 	 4306.3 
0.495 	 1007.7 	 1586.4 	 2981.7 	 4284.9 
0.500 	 982.7 	 1602.3 	 3003.7 	 4259.5 
0.505 	 885.6 	 1634.3 	 3022.6 	 4248.2 
0.510 	 861.0 	 1640.9 	 3009.5 	 4279.8 
0.515 	 908.4 	 1653.1 	 3015.4 	 4322.0 
0.520 	 921.5 	 1636.4 	 3020.3 	 4251.5 
0.525 	 913.4 	 1581.3 	 2982.0 	 4162.5 
0.530 	 895.6 	 1559.0 	 2911.0 	 4142.7 
0.535 	 889.5 	 1493.3 	 2909.7 	 4124.3 
0.540 	 902.3 	 1438.0 	 2915.6 	 4059.1 
0.545 	 947.6 	 1486.9 	 2928.7 	 4001.2 
0.550 	 948.3 	 1532.2 	 2998.7 	 4027.7 
0.555 	 891.1 	 1570.4 	 3079.1 	 4126.2 
0.560 	 867.8 	 1552.7 	 2910.1 	 4017.4 
0.565 	 864.5 	 1449.2 	 2546.6 	 3800.0 
0.570 	 861.6 	 1493.8 	 2460.3 	 3716.6 
0.575 	 827.7 	 1466.0 	 2459.4 	 3712.4 
0.580 	 821.4 	 1520.6 	 2397.9 	 3667.6 
0.585 	 878.3 	 1344.9 	 2184.8 	 3502.7 
0.590 	 995.8 	 1947.9 	 3094.2 	 --undefined-- 
0.595 	 1076.6 	 2077.5 	 3144.2 	 --undefined-- 
0.600 	 827.8 	 1749.8 	 2669.1 	 5198.6 
0.605 	 361.0 	 1440.6 	 4662.8 	 --undefined-- 
0.610 	 260.4 	 1383.4 	 5188.0 	 --undefined-- 
0.615 	 259.9 	 1383.6 	 5188.0 	 --undefined-- 
0.620 	 259.5 	 1383.8 	 5188.0 	 --undefined-- 
0.625 	 259.0 	 1384.1 	 5188.0 	 --undefined-- 
0.630 	 --undefined-- 	 --undefined-- 	 --undefined-- 	 --undefined-- 
0.635 	 --undefined-- 	 --undefined-- 	 --undefined-- 	 --undefined-- 
0.640 	 --undefined-- 	 --undefined-- 	 --undefined-- 	 --undefined-- 
0.645 	 --undefined-- 	 --undefined-- 	 --undefined-- 	 --undefined-- 
0.650 	 --undefined-- 	 --undefined-- 	 --undefined-- 	 --undefined-- 
