'name' 	 'time' 	 --undefined-- 	 --undefined-- 	 --undefined-- 	 --undefined-- 
0.005 	 --undefined-- 	 --undefined-- 	 --undefined-- 	 --undefined-- 
0.010 	 --undefined-- 	 --undefined-- 	 --undefined-- 	 --undefined-- 
0.015 	 --undefined-- 	 --undefined-- 	 --undefined-- 	 --undefined-- 
0.020 	 --undefined-- 	 --undefined-- 	 --undefined-- 	 --undefined-- 
0.025 	 703.8 	 1417.8 	 2318.4 	 3517.0 
0.030 	 697.5 	 1425.7 	 2339.4 	 3532.6 
0.035 	 698.3 	 1438.9 	 2366.0 	 3553.8 
0.040 	 697.1 	 1448.6 	 2394.7 	 3599.8 
0.045 	 701.0 	 1458.1 	 2408.0 	 3695.2 
0.050 	 648.6 	 1463.5 	 2396.6 	 3712.6 
0.055 	 624.0 	 1469.0 	 2397.0 	 3722.8 
0.060 	 554.0 	 1424.0 	 2389.2 	 3789.3 
0.065 	 497.0 	 1434.9 	 2379.6 	 3809.6 
0.070 	 417.0 	 1464.4 	 2376.9 	 3811.8 
0.075 	 401.4 	 1488.1 	 2416.2 	 3810.2 
0.080 	 313.2 	 1472.0 	 2429.7 	 3841.5 
0.085 	 1133.5 	 2310.9 	 3689.8 	 4868.4 
0.090 	 1270.2 	 2329.0 	 3624.9 	 4632.1 
0.095 	 1353.4 	 2372.0 	 3564.4 	 4643.7 
0.100 	 1329.6 	 2439.6 	 3632.1 	 4612.7 
0.105 	 1197.1 	 2459.0 	 3666.7 	 4603.1 
0.110 	 921.4 	 2332.5 	 3634.6 	 4569.8 
0.115 	 933.3 	 2275.0 	 3599.6 	 4542.3 
0.120 	 1010.7 	 2427.6 	 3549.6 	 4448.9 
0.125 	 1147.0 	 2582.0 	 3616.7 	 4425.7 
0.130 	 1087.9 	 2334.8 	 3674.0 	 4526.6 
0.135 	 999.2 	 2128.5 	 3714.6 	 3855.9 
0.140 	 1013.4 	 2218.6 	 3014.4 	 3926.0 
0.145 	 972.3 	 2282.4 	 2972.0 	 4039.3 
0.150 	 983.1 	 2282.1 	 3282.2 	 4258.3 
0.155 	 966.1 	 2335.9 	 3362.3 	 4398.3 
0.160 	 952.4 	 2368.1 	 3373.5 	 4487.1 
0.165 	 912.6 	 2263.4 	 3335.9 	 4505.3 
0.170 	 914.1 	 2384.0 	 3330.0 	 3643.2 
0.175 	 1216.7 	 2549.9 	 3616.8 	 4804.2 
0.180 	 1433.0 	 2557.0 	 3687.3 	 4858.3 
0.185 	 1421.1 	 2427.8 	 3707.0 	 4863.3 
0.190 	 466.3 	 1549.3 	 2502.4 	 3813.0 
0.195 	 398.0 	 1454.7 	 2383.3 	 3768.2 
0.200 	 434.0 	 1467.0 	 2386.6 	 3826.0 
0.205 	 455.4 	 1479.5 	 2378.4 	 3810.4 
0.210 	 481.2 	 1477.9 	 2372.9 	 3766.9 
0.215 	 496.6 	 1475.9 	 2372.9 	 3817.3 
0.220 	 528.7 	 1467.4 	 2364.2 	 3722.1 
0.225 	 542.7 	 1467.7 	 2357.9 	 3671.7 
0.230 	 557.4 	 1456.6 	 2348.0 	 3691.1 
0.235 	 568.9 	 1451.7 	 2340.5 	 3652.9 
0.240 	 573.5 	 1437.1 	 2337.2 	 3685.2 
0.245 	 597.0 	 1422.7 	 2336.6 	 3674.8 
0.250 	 602.5 	 1425.9 	 2347.5 	 3719.4 
0.255 	 618.7 	 1407.6 	 2339.7 	 3721.9 
0.260 	 626.9 	 1408.5 	 2337.7 	 3670.3 
0.265 	 627.0 	 1383.8 	 2328.4 	 3643.2 
0.270 	 657.8 	 1379.5 	 2320.2 	 3647.2 
0.275 	 656.8 	 1389.6 	 2328.9 	 3677.5 
0.280 	 640.0 	 1368.4 	 2308.3 	 3617.3 
0.285 	 647.4 	 1372.1 	 2307.1 	 3600.9 
0.290 	 591.3 	 1319.2 	 2277.6 	 3583.0 
0.295 	 586.0 	 1282.8 	 2276.9 	 3559.7 
0.300 	 577.2 	 1304.1 	 2280.0 	 3563.2 
0.305 	 592.6 	 1265.0 	 2260.2 	 3600.1 
0.310 	 610.9 	 1270.5 	 2271.8 	 3629.0 
0.315 	 573.4 	 1209.0 	 2297.9 	 3582.5 
0.320 	 607.1 	 1187.0 	 2331.5 	 3533.9 
0.325 	 603.7 	 1202.0 	 2328.6 	 3566.3 
0.330 	 617.4 	 1112.3 	 2278.8 	 3581.2 
0.335 	 623.9 	 1142.2 	 2273.2 	 3572.8 
0.340 	 561.3 	 1142.3 	 2279.4 	 3596.2 
0.345 	 563.4 	 1197.2 	 2264.4 	 3579.2 
0.350 	 587.7 	 1211.3 	 2276.2 	 3585.1 
0.355 	 542.3 	 1192.8 	 2269.0 	 3611.9 
0.360 	 572.6 	 1185.2 	 2252.1 	 3571.2 
0.365 	 582.5 	 1215.9 	 2326.7 	 3657.8 
0.370 	 519.6 	 1197.2 	 2318.7 	 3611.9 
0.375 	 554.1 	 1186.4 	 2202.0 	 3551.9 
0.380 	 537.3 	 1198.6 	 2384.4 	 3651.5 
0.385 	 445.7 	 1118.3 	 2333.6 	 3828.7 
0.390 	 453.4 	 1133.6 	 2238.3 	 3681.1 
0.395 	 405.7 	 1180.1 	 2278.5 	 3592.9 
0.400 	 424.5 	 1163.1 	 2345.7 	 3619.5 
0.405 	 344.2 	 1148.1 	 2380.6 	 3628.5 
0.410 	 1117.9 	 2290.0 	 3511.5 	 --undefined-- 
0.415 	 280.5 	 1333.9 	 2460.5 	 3605.5 
0.420 	 90.0 	 1188.2 	 2315.0 	 3661.1 
0.425 	 1047.4 	 2233.0 	 3756.5 	 --undefined-- 
0.430 	 1150.5 	 2352.4 	 3952.8 	 --undefined-- 
0.435 	 1210.0 	 2378.9 	 3735.0 	 --undefined-- 
0.440 	 1210.5 	 2401.8 	 3555.7 	 --undefined-- 
0.445 	 1201.5 	 2419.4 	 3559.5 	 --undefined-- 
0.450 	 1209.3 	 2432.1 	 3620.7 	 --undefined-- 
0.455 	 1223.2 	 2467.4 	 3648.7 	 --undefined-- 
0.460 	 1260.6 	 2484.2 	 3638.3 	 --undefined-- 
0.465 	 1270.2 	 2484.8 	 3672.0 	 --undefined-- 
0.470 	 366.4 	 1308.6 	 2581.7 	 3773.6 
0.475 	 337.2 	 1068.1 	 2506.5 	 3816.0 
0.480 	 353.0 	 1135.9 	 2519.3 	 3729.1 
0.485 	 216.7 	 1188.0 	 2519.6 	 3752.4 
0.490 	 176.2 	 1236.7 	 2503.0 	 3814.7 
0.495 	 342.0 	 1266.1 	 2477.0 	 3843.5 
0.500 	 310.8 	 1203.3 	 2448.8 	 3838.3 
0.505 	 1117.5 	 2329.6 	 3709.4 	 --undefined-- 
0.510 	 1140.7 	 2571.6 	 3827.1 	 --undefined-- 
0.515 	 1040.9 	 2515.4 	 3115.3 	 3773.9 
0.520 	 1048.1 	 2494.7 	 3192.1 	 3734.3 
0.525 	 1060.8 	 2516.0 	 3763.5 	 --undefined-- 
0.530 	 1039.0 	 2508.1 	 3920.5 	 --undefined-- 
0.535 	 920.4 	 2355.9 	 3149.1 	 4006.6 
0.540 	 869.4 	 2098.5 	 3197.6 	 4192.5 
0.545 	 766.9 	 2068.9 	 3144.4 	 4251.0 
0.550 	 725.5 	 2079.0 	 3112.3 	 4203.0 
0.555 	 881.7 	 2088.0 	 3107.3 	 4057.3 
0.560 	 965.0 	 2089.1 	 3252.7 	 4089.8 
0.565 	 890.5 	 2002.0 	 3201.8 	 4170.4 
0.570 	 901.4 	 2082.4 	 3157.5 	 4314.9 
0.575 	 922.3 	 2331.7 	 3204.0 	 4337.0 
0.580 	 909.7 	 2359.2 	 3260.8 	 4221.7 
0.585 	 903.5 	 2009.1 	 2789.7 	 4024.7 
0.590 	 1098.6 	 2052.7 	 2999.0 	 4134.0 
0.595 	 1174.2 	 2260.1 	 3006.5 	 4105.8 
0.600 	 1021.8 	 2372.7 	 2960.4 	 4013.7 
0.605 	 420.9 	 1538.6 	 2621.3 	 3834.4 
0.610 	 337.6 	 1449.9 	 2708.5 	 3800.3 
0.615 	 1331.7 	 2673.2 	 3780.7 	 --undefined-- 
0.620 	 886.9 	 1999.1 	 3400.4 	 3963.9 
0.625 	 914.7 	 2009.3 	 3220.4 	 4179.2 
0.630 	 1037.9 	 2050.4 	 3125.1 	 4191.5 
0.635 	 1163.5 	 2134.1 	 3125.9 	 4217.7 
0.640 	 1150.2 	 2535.9 	 3519.2 	 4793.4 
0.645 	 971.5 	 2530.4 	 3691.1 	 4424.3 
0.650 	 1013.0 	 2671.1 	 3387.2 	 4004.2 
0.655 	 1003.0 	 2194.2 	 3142.0 	 4084.5 
0.660 	 1043.4 	 2212.3 	 3058.7 	 4185.2 
0.665 	 999.2 	 2393.0 	 3100.9 	 4202.1 
0.670 	 853.1 	 2316.3 	 3092.7 	 4188.1 
0.675 	 540.0 	 2039.9 	 2717.7 	 3796.5 
0.680 	 --undefined-- 	 --undefined-- 	 --undefined-- 	 --undefined-- 
0.685 	 --undefined-- 	 --undefined-- 	 --undefined-- 	 --undefined-- 
0.690 	 --undefined-- 	 --undefined-- 	 --undefined-- 	 --undefined-- 
0.695 	 --undefined-- 	 --undefined-- 	 --undefined-- 	 --undefined-- 
0.700 	 --undefined-- 	 --undefined-- 	 --undefined-- 	 --undefined-- 
