'name' 	 'time' 	 --undefined-- 	 --undefined-- 	 --undefined-- 	 --undefined-- 
0.005 	 --undefined-- 	 --undefined-- 	 --undefined-- 	 --undefined-- 
0.010 	 --undefined-- 	 --undefined-- 	 --undefined-- 	 --undefined-- 
0.015 	 --undefined-- 	 --undefined-- 	 --undefined-- 	 --undefined-- 
0.020 	 --undefined-- 	 --undefined-- 	 --undefined-- 	 --undefined-- 
0.025 	 847.7 	 1448.0 	 2414.7 	 3409.1 
0.030 	 736.1 	 1443.8 	 2361.1 	 3350.9 
0.035 	 729.0 	 1458.2 	 2417.4 	 3319.2 
0.040 	 761.3 	 1478.3 	 2443.9 	 3404.8 
0.045 	 717.9 	 1506.1 	 2431.6 	 3437.0 
0.050 	 685.0 	 1563.3 	 2412.6 	 3399.0 
0.055 	 641.0 	 1598.5 	 2465.3 	 3286.8 
0.060 	 597.7 	 1605.9 	 2540.7 	 3263.4 
0.065 	 548.2 	 1503.9 	 2495.7 	 3335.0 
0.070 	 509.5 	 1478.5 	 2480.7 	 3362.2 
0.075 	 434.2 	 1530.6 	 2488.3 	 3339.8 
0.080 	 427.4 	 1604.3 	 2519.2 	 3299.1 
0.085 	 1487.6 	 2373.0 	 3154.9 	 4391.7 
0.090 	 1233.0 	 2463.7 	 3242.5 	 4387.7 
0.095 	 1373.0 	 2452.3 	 3294.9 	 4350.4 
0.100 	 2325.3 	 3257.8 	 4264.2 	 --undefined-- 
0.105 	 824.1 	 2446.1 	 3302.3 	 3588.5 
0.110 	 928.2 	 2396.8 	 3079.0 	 3626.9 
0.115 	 961.3 	 2330.2 	 3042.5 	 3618.6 
0.120 	 2147.2 	 3002.6 	 3645.8 	 4794.7 
0.125 	 1480.4 	 2264.4 	 3133.2 	 3894.4 
0.130 	 1655.8 	 2686.9 	 3108.0 	 4164.8 
0.135 	 1592.3 	 2610.8 	 3141.2 	 4187.1 
0.140 	 1443.6 	 2537.3 	 3049.3 	 4019.9 
0.145 	 1487.8 	 2510.2 	 3049.7 	 3886.0 
0.150 	 1316.3 	 2416.5 	 2977.8 	 3789.1 
0.155 	 1061.2 	 2369.3 	 2944.5 	 3727.0 
0.160 	 1174.2 	 2419.3 	 2960.1 	 3757.8 
0.165 	 1282.6 	 2437.6 	 2991.1 	 3724.9 
0.170 	 1394.7 	 2470.2 	 3050.0 	 3620.3 
0.175 	 1612.1 	 2499.0 	 3240.6 	 3773.3 
0.180 	 1478.0 	 2477.6 	 3137.5 	 3925.6 
0.185 	 835.6 	 2425.4 	 3085.8 	 3829.6 
0.190 	 841.9 	 2404.1 	 3112.1 	 3992.7 
0.195 	 537.8 	 1601.2 	 2554.5 	 3374.6 
0.200 	 519.8 	 1538.7 	 2489.4 	 3332.7 
0.205 	 538.1 	 1470.1 	 2452.2 	 3226.9 
0.210 	 552.4 	 1454.6 	 2427.2 	 3191.9 
0.215 	 584.6 	 1422.4 	 2400.4 	 3202.4 
0.220 	 598.7 	 1420.2 	 2385.4 	 3205.2 
0.225 	 604.2 	 1380.6 	 2364.0 	 3223.6 
0.230 	 626.8 	 1339.1 	 2360.2 	 3294.7 
0.235 	 648.0 	 1345.0 	 2370.2 	 3336.0 
0.240 	 671.7 	 1342.7 	 2390.2 	 3294.9 
0.245 	 681.8 	 1347.8 	 2379.4 	 3307.9 
0.250 	 697.1 	 1314.2 	 2333.5 	 3338.8 
0.255 	 723.0 	 1317.6 	 2328.3 	 3355.7 
0.260 	 719.2 	 1322.1 	 2343.6 	 3390.5 
0.265 	 672.6 	 1322.7 	 2381.9 	 3450.2 
0.270 	 671.1 	 1330.5 	 2383.7 	 3475.7 
0.275 	 671.8 	 1339.2 	 2395.3 	 3324.4 
0.280 	 680.2 	 1347.6 	 2387.2 	 3302.1 
0.285 	 688.2 	 1327.8 	 2350.5 	 3331.5 
0.290 	 713.7 	 1313.9 	 2326.8 	 3347.3 
0.295 	 732.6 	 1323.1 	 2332.5 	 3369.9 
0.300 	 699.4 	 1301.7 	 2330.1 	 3335.5 
0.305 	 704.6 	 1302.8 	 2330.9 	 3335.2 
0.310 	 677.9 	 1271.1 	 2324.3 	 3362.0 
0.315 	 675.9 	 1238.1 	 2339.8 	 3380.2 
0.320 	 684.7 	 1239.6 	 2349.4 	 3415.4 
0.325 	 596.8 	 1243.7 	 2326.3 	 3460.0 
0.330 	 607.6 	 1279.0 	 2321.1 	 3565.1 
0.335 	 600.1 	 1262.5 	 2292.7 	 3579.6 
0.340 	 595.6 	 1145.0 	 2260.8 	 3452.3 
0.345 	 617.2 	 1128.2 	 2267.2 	 3422.4 
0.350 	 639.5 	 1105.4 	 2276.1 	 3367.7 
0.355 	 673.8 	 1196.2 	 2277.1 	 3410.3 
0.360 	 700.7 	 1228.4 	 2285.6 	 3495.8 
0.365 	 696.1 	 1155.1 	 2242.1 	 3487.9 
0.370 	 707.9 	 1164.2 	 2131.3 	 3356.6 
0.375 	 786.2 	 1181.5 	 2284.4 	 3394.5 
0.380 	 459.8 	 1143.4 	 2231.2 	 3381.6 
0.385 	 458.5 	 1171.1 	 2191.4 	 3349.4 
0.390 	 477.1 	 1177.6 	 2263.1 	 3384.5 
0.395 	 1117.6 	 2192.0 	 3372.8 	 --undefined-- 
0.400 	 1176.9 	 2293.7 	 3511.5 	 5194.8 
0.405 	 1222.3 	 2286.4 	 3364.3 	 4664.3 
0.410 	 1228.2 	 2298.5 	 3315.0 	 4550.1 
0.415 	 1203.2 	 2272.9 	 3343.5 	 --undefined-- 
0.420 	 429.6 	 1305.7 	 2386.0 	 3374.4 
0.425 	 323.7 	 1247.6 	 2387.6 	 3495.9 
0.430 	 416.3 	 1241.3 	 2401.7 	 3612.9 
0.435 	 640.0 	 1214.3 	 2398.2 	 3780.9 
0.440 	 607.4 	 1321.0 	 2370.0 	 3677.3 
0.445 	 574.2 	 1330.9 	 2360.0 	 3587.5 
0.450 	 488.9 	 1279.8 	 2352.1 	 3635.5 
0.455 	 327.3 	 1246.8 	 2328.4 	 3580.4 
0.460 	 275.4 	 1155.6 	 2347.7 	 3543.1 
0.465 	 339.4 	 1156.2 	 2424.1 	 3633.8 
0.470 	 378.3 	 1222.8 	 2426.6 	 3691.9 
0.475 	 296.3 	 1218.9 	 2441.9 	 3815.6 
0.480 	 359.1 	 1225.5 	 2518.5 	 3943.1 
0.485 	 421.2 	 1252.7 	 2428.3 	 3847.7 
0.490 	 298.5 	 1215.1 	 2476.8 	 3861.9 
0.495 	 808.6 	 1120.9 	 2881.2 	 4007.8 
0.500 	 1064.4 	 2623.2 	 3864.3 	 --undefined-- 
0.505 	 929.7 	 2579.2 	 4003.3 	 --undefined-- 
0.510 	 848.9 	 2212.8 	 2791.0 	 4076.4 
0.515 	 948.9 	 1818.4 	 2721.4 	 4042.5 
0.520 	 984.3 	 2565.6 	 3837.0 	 4773.9 
0.525 	 888.0 	 2428.5 	 3772.6 	 4895.7 
0.530 	 1025.2 	 2436.3 	 3738.6 	 --undefined-- 
0.535 	 1013.0 	 2533.9 	 3765.2 	 --undefined-- 
0.540 	 893.4 	 2454.8 	 3482.6 	 3692.6 
0.545 	 827.9 	 2200.4 	 3513.6 	 3816.5 
0.550 	 816.5 	 2180.9 	 3426.8 	 4117.4 
0.555 	 831.9 	 2229.6 	 3213.6 	 4129.4 
0.560 	 956.1 	 2235.8 	 3354.7 	 4385.0 
0.565 	 993.5 	 2272.8 	 3364.0 	 4486.3 
0.570 	 1013.3 	 1965.0 	 3316.0 	 4043.2 
0.575 	 763.2 	 1769.5 	 3343.7 	 3957.0 
0.580 	 1017.2 	 1948.5 	 3093.4 	 3918.2 
0.585 	 1006.2 	 2328.2 	 3098.0 	 3978.2 
0.590 	 952.8 	 2254.6 	 2957.2 	 4074.7 
0.595 	 1096.8 	 1747.3 	 2956.7 	 4035.4 
0.600 	 1121.1 	 2035.5 	 2982.2 	 4165.8 
0.605 	 926.3 	 2346.9 	 3114.3 	 4472.1 
0.610 	 879.4 	 2243.6 	 3142.7 	 4338.3 
0.615 	 785.4 	 2120.8 	 3217.2 	 4278.6 
0.620 	 857.5 	 2013.0 	 3087.5 	 4103.6 
0.625 	 323.4 	 1548.6 	 2772.8 	 4068.9 
0.630 	 117.6 	 1606.5 	 2814.3 	 4137.1 
0.635 	 1280.2 	 1950.9 	 3045.7 	 4257.2 
0.640 	 1125.7 	 2299.6 	 3175.9 	 4090.8 
0.645 	 1146.8 	 2390.8 	 3019.9 	 4041.7 
0.650 	 1095.1 	 2325.7 	 3328.8 	 4162.7 
0.655 	 980.0 	 2248.5 	 3464.9 	 4470.9 
0.660 	 1006.5 	 2229.5 	 3459.5 	 4330.6 
0.665 	 1112.7 	 2321.1 	 3658.1 	 4043.4 
0.670 	 953.1 	 2296.2 	 3116.1 	 3935.8 
0.675 	 531.7 	 1744.6 	 2555.4 	 3970.6 
0.680 	 --undefined-- 	 --undefined-- 	 --undefined-- 	 --undefined-- 
0.685 	 --undefined-- 	 --undefined-- 	 --undefined-- 	 --undefined-- 
0.690 	 --undefined-- 	 --undefined-- 	 --undefined-- 	 --undefined-- 
0.695 	 --undefined-- 	 --undefined-- 	 --undefined-- 	 --undefined-- 
0.700 	 --undefined-- 	 --undefined-- 	 --undefined-- 	 --undefined-- 
